LOCATION: Hollandse Kust zuid
SYSTEM SERIAL: HKZA
TIMESTAMP (ISO-8601) UTC;WindDir004m deg;WindDir030m deg;WindDir040m deg;WindDir040m_ref deg;WindDir060m deg;WindDir080m deg;WindDir100m deg;WindDir120m deg;WindDir140m deg;WindDir160m deg;WindDir180m deg;WindDir200m deg;WindGust004m m/s;WindSpeed004m m/s;WindSpeed030mh m/s;WindSpeed040mh m/s;WindSpeed040m_refh m/s;WindSpeed060mh m/s;WindSpeed080mh m/s;WindSpeed100mh m/s;WindSpeed120mh m/s;WindSpeed140mh m/s;WindSpeed160mh m/s;WindSpeed180mh m/s;WindSpeed200mh m/s;TI 030m;TI 040m;TI 040m ref;TI 060m;TI 080m;TI 100m;TI 120m;TI 140m;TI 160m;TI 180m;TI 200m
2016-12-17T00:00:00Z; 213.398440; 219.023440; 217.265630; 217.265630; 219.023440; 224.296880; 227.109380; 231.679690; 235.195310; 239.765630; 242.929690; 243.632810;   5.390630;   4.394530;   4.687500;   4.804690;   4.921880;   5.039060;   5.214840;   5.332030;   5.625000;   5.976560;   6.328130;   6.562500;   6.621090;   0.104980;   0.114746;   0.089111;   0.102539;   0.062256;   0.070801;   0.078125;   0.050049;   0.065918;   0.047607;   0.074463
2016-12-17T00:10:00Z; 212.343750; 217.968750; 218.671880; 218.320310; 220.078130; 223.945310; 227.460940; 234.492190; 239.765630; 241.875000; 242.929690; 245.390630;   4.921880;   3.984380;   4.335940;   4.335940;   4.394530;   4.570310;   4.628910;   5.156250;   5.449220;   5.976560;   6.152340;   6.269530;   6.328130;   0.115967;   0.101318;   0.119629;   0.095215;   0.107422;   0.076904;   0.085449;   0.089111;   0.076904;   0.091553;   0.084229
2016-12-17T00:20:00Z; 208.828130; 215.859380; 219.726560; 219.375000; 228.515630; 230.976560; 235.546880; 238.359380; 238.710940; 238.710940; 240.117190; 241.171880;   4.687500;   3.691410;   4.453130;   4.570310;   4.394530;   4.921880;   5.156250;   5.507810;   5.625000;   6.035160;   6.328130;   6.445310;   6.328130;   0.108643;   0.100098;   0.118408;   0.137939;   0.128174;   0.113525;   0.126953;   0.095215;   0.090332;   0.084229;   0.093994
2016-12-17T00:30:00Z; 215.156250; 232.382810; 233.085940; 234.492190; 234.140630; 234.492190; 235.195310; 236.953130; 239.765630; 238.007810; 240.117190; 240.117190;   4.863280;   3.632810;   4.921880;   4.921880;   5.097660;   5.214840;   5.625000;   5.917970;   5.976560;   5.917970;   5.976560;   5.859380;   5.917970;   0.129395;   0.142822;   0.145264;   0.126953;   0.073242;   0.103760;   0.093994;   0.089111;   0.100098;   0.096436;   0.104980
2016-12-17T00:40:00Z; 231.679690; 241.171880; 240.820310; 240.820310; 240.820310; 240.117190; 243.281250; 243.984380; 244.687500; 242.226560; 244.335940; 246.796880;   5.214840;   4.335940;   5.156250;   5.273440;   5.332030;   5.449220;   5.566410;   5.566410;   5.566410;   5.332030;   5.507810;   5.625000;   5.742190;   0.120850;   0.104980;   0.078125;   0.114746;   0.104980;   0.074463;   0.104980;   0.109863;   0.086670;   0.089111;   0.086670
2016-12-17T00:50:00Z; 237.304690; 245.039060; 244.335940; 245.039060; 245.039060; 245.742190; 247.500000; 247.148440; 250.312500; 248.906250; 252.773440; 253.476560;   5.273440;   3.984380;   4.277340;   4.511720;   4.511720;   4.628910;   4.804690;   4.746090;   4.921880;   4.863280;   4.921880;   5.039060;   4.980470;   0.140381;   0.142822;   0.115967;   0.117188;   0.129395;   0.117188;   0.104980;   0.084229;   0.085449;   0.080566;   0.096436
2016-12-17T01:00:00Z; 240.468750; 245.039060; 243.984380; 246.093750; 246.796880; 247.500000; 249.609380; 253.828130; 253.125000; 256.640630; 257.343750; 260.156250;   4.394530;   3.398440;   3.925780;   4.042970;   4.042970;   4.394530;   4.394530;   4.570310;   4.335940;   4.570310;   4.570310;   4.687500;   4.746090;   0.153809;   0.100098;   0.107422;   0.101318;   0.100098;   0.103760;   0.119629;   0.100098;   0.087891;   0.120850;   0.076904
2016-12-17T01:10:00Z; 239.414060; 244.687500; 244.687500; 246.445310; 247.500000; 244.687500; 250.664060; 251.367190; 255.234380; 254.882810; 258.046880; 261.914060;   3.984380;   3.164060;   3.691410;   3.750000;   3.925780;   3.925780;   3.984380;   4.218750;   4.218750;   4.277340;   4.277340;   4.453130;   4.394530;   0.136719;   0.145264;   0.131836;   0.120850;   0.102539;   0.122070;   0.112305;   0.117188;   0.120850;   0.102539;   0.103760
2016-12-17T01:20:00Z; 234.492190; 242.929690; 243.632810; 240.117190; 244.687500; 246.445310; 248.554690; 253.476560; 253.125000; 255.234380; 257.695310; 260.156250;   3.515630;   2.871090;   3.574220;   3.574220;   3.632810;   3.867190;   3.808590;   4.042970;   4.101560;   4.218750;   4.101560;   4.335940;   4.218750;   0.091553;   0.117188;   0.095215;   0.091553;   0.137939;   0.119629;   0.124512;   0.109863;   0.123291;   0.091553;   0.104980
2016-12-17T01:30:00Z; 234.140630; 240.468750; 241.523440; 242.578130; 244.335940; 245.742190; 246.093750; 248.554690; 249.960940; 255.585940; 256.289060; 261.562500;   3.515630;   2.753910;   3.457030;   3.632810;   3.515630;   3.808590;   3.925780;   4.042970;   4.160160;   4.335940;   4.277340;   4.394530;   4.453130;   0.109863;   0.114746;   0.142822;   0.101318;   0.095215;   0.089111;   0.101318;   0.091553;   0.119629;   0.081787;   0.104980
2016-12-17T01:40:00Z; 231.679690; 234.140630; 232.031250; 234.843750; 238.710940; 241.523440; 245.742190; 247.500000; 253.476560; 257.695310; 255.937500; 257.343750;   3.750000;   2.812500;   3.515630;   3.691410;   3.691410;   3.867190;   3.925780;   4.101560;   4.042970;   4.277340;   3.925780;   4.160160;   4.160160;   0.159912;   0.179443;   0.112305;   0.167236;   0.169678;   0.139160;   0.140381;   0.112305;   0.172119;   0.153809;   0.130615
2016-12-17T01:50:00Z; 223.242190; 233.789060; 236.250000; 236.953130; 241.171880; 243.281250; 249.257810; 252.070310; 254.179690; 254.882810; 260.507810; 259.453130;   3.339840;   2.753910;   3.398440;   3.808590;   3.750000;   3.691410;   3.925780;   3.867190;   4.101560;   3.984380;   4.101560;   3.984380;   4.042970;   0.142822;   0.089111;   0.124512;   0.153809;   0.126953;   0.151367;   0.125732;   0.151367;   0.134277;   0.115967;   0.118408
2016-12-17T02:00:00Z; 227.460940; 235.546880; 237.304690; 238.710940; 242.578130; 247.500000; 246.796880; 246.445310; 256.289060; 257.695310; 251.015630; 256.992190;   3.222660;   2.519530;   3.222660;   3.339840;   3.339840;   3.632810;   3.750000;   3.632810;   3.984380;   4.042970;   3.867190;   4.160160;   4.218750;   0.162354;   0.137939;   0.150146;   0.225830;   0.212402;   0.136719;   0.163574;   0.238037;   0.166016;   0.174561;   0.189209
2016-12-17T02:10:00Z; 229.218750; 246.093750; 245.039060; 247.500000; 243.984380; 250.664060; 252.070310; 256.640630; 257.343750; 262.617190; 256.289060; 264.726560;   3.046880;   2.402340;   3.281250;   3.281250;   3.457030;   3.691410;   3.867190;   4.042970;   3.984380;   3.925780;   3.984380;   4.042970;   4.101560;   0.162354;   0.135498;   0.194092;   0.187988;   0.142822;   0.152588;   0.164795;   0.183105;   0.163574;   0.228271;   0.168457
2016-12-17T02:20:00Z; 238.359380; 241.523440; 238.710940; 240.820310; 240.468750; 242.578130; 249.257810; 252.070310; 257.695310; 258.046880; 261.562500; 266.484380;   2.988280;   2.343750;   3.164060;   3.339840;   3.398440;   3.574220;   3.691410;   3.808590;   3.750000;   3.750000;   3.691410;   3.867190;   3.925780;   0.163574;   0.115967;   0.142822;   0.145264;   0.145264;   0.125732;   0.164795;   0.128174;   0.157471;   0.155029;   0.128174
2016-12-17T02:30:00Z; 229.921880; 232.734380; 233.085940; 236.601560; 241.171880; 241.875000; 249.257810; 251.015630; 259.453130; 268.242190; 265.781250; 267.187500;   3.046880;   2.460940;   3.281250;   3.398440;   3.750000;   3.750000;   3.750000;   3.808590;   3.867190;   3.925780;   4.101560;   4.101560;   4.511720;   0.145264;   0.156250;   0.192871;   0.139160;   0.148926;   0.133057;   0.156250;   0.130615;   0.131836;   0.175781;   0.156250
2016-12-17T02:40:00Z; 220.781250; 230.273440; 233.437500; 231.679690; 241.523440; 243.281250; 249.257810; 256.289060; 262.968750; 270.351560; 268.593750; 271.406250;   3.222660;   2.460940;   3.574220;   3.691410;   3.867190;   3.808590;   4.042970;   3.925780;   4.160160;   4.335940;   4.453130;   4.160160;   4.453130;   0.153809;   0.153809;   0.163574;   0.190430;   0.131836;   0.164795;   0.189209;   0.175781;   0.155029;   0.184326;   0.163574
2016-12-17T02:50:00Z; 226.406250; 229.570310; 233.789060; 233.085940; 245.390630; 253.125000; 260.859380; 260.507810; 264.375000; 272.460940; 266.835940; 272.460940;   3.164060;   2.402340;   3.691410;   3.925780;   3.632810;   4.042970;   4.101560;   4.394530;   4.335940;   4.687500;   4.746090;   4.570310;   4.746090;   0.128174;   0.177002;   0.158691;   0.172119;   0.150146;   0.148926;   0.136719;   0.187988;   0.178223;   0.173340;   0.155029
2016-12-17T03:00:00Z; 222.539060; 235.898440; 238.007810; 238.359380; 247.148440; 250.664060; 257.343750; 261.914060; 269.296880; 278.437500; 275.625000; 275.976560;   2.929690;   2.050780;   3.281250;   3.339840;   3.398440;   3.574220;   3.867190;   3.750000;   4.277340;   4.394530;   4.746090;   4.511720;   4.804690;   0.231934;   0.134277;   0.144043;   0.185547;   0.184326;   0.184326;   0.211182;   0.233154;   0.245361;   0.234375;   0.197754
2016-12-17T03:10:00Z; 213.398440; 227.812500; 233.085940; 234.843750; 239.062500; 242.578130; 253.125000; 257.343750; 260.156250; 269.296880; 271.054690; 271.757810;   2.636720;   1.933590;   2.871090;   3.222660;   3.281250;   3.222660;   3.515630;   3.574220;   3.925780;   3.750000;   4.570310;   4.218750;   4.628910;   0.146484;   0.144043;   0.123291;   0.181885;   0.174561;   0.203857;   0.228271;   0.241699;   0.209961;   0.177002;   0.229492
2016-12-17T03:20:00Z; 205.664060; 221.132810; 220.078130; 221.484380; 228.164060; 234.843750; 239.414060; 241.523440; 253.828130; 260.156250; 259.804690; 267.187500;   2.812500;   2.226560;   3.105470;   3.046880;   3.164060;   3.339840;   3.339840;   3.457030;   3.281250;   3.691410;   3.808590;   3.925780;   4.160160;   0.107422;   0.126953;   0.181885;   0.134277;   0.150146;   0.173340;   0.207520;   0.195313;   0.219727;   0.213623;   0.217285
2016-12-17T03:30:00Z; 194.414060; 208.828130; 212.343750; 213.046880; 220.429690; 224.648440; 229.921880; 234.492190; 242.578130; 261.914060; 265.429690; 267.187500;   3.105470;   2.636720;   3.281250;   3.281250;   3.222660;   3.222660;   3.339840;   3.281250;   3.339840;   3.281250;   4.101560;   4.277340;   4.511720;   0.078125;   0.086670;   0.086670;   0.098877;   0.156250;   0.119629;   0.112305;   0.179443;   0.145264;   0.133057;   0.144043
2016-12-17T03:40:00Z; 193.359380; 208.476560; 211.992190; 211.640630; 220.429690; 219.375000; 224.296880; 229.921880; 239.062500; 264.375000; 267.539060; 268.945310;   3.457030;   2.988280;   3.457030;   3.398440;   3.398440;   3.515630;   3.281250;   3.222660;   3.164060;   3.281250;   3.984380;   4.394530;   4.394530;   0.074463;   0.092773;   0.095215;   0.104980;   0.118408;   0.122070;   0.140381;   0.109863;   0.107422;   0.117188;   0.087891
2016-12-17T03:50:00Z; 193.359380; 206.718750; 210.585940; 213.750000; 219.375000; 221.835940; 226.054690; 230.625000; 246.445310; 263.671880; 268.242190; 265.781250;   3.339840;   2.812500;   3.457030;   3.515630;   3.398440;   3.398440;   3.339840;   3.281250;   3.281250;   3.457030;   4.101560;   4.101560;   4.101560;   0.102539;   0.069580;   0.115967;   0.083008;   0.104980;   0.133057;   0.131836;   0.108643;   0.095215;   0.090332;   0.093994
2016-12-17T04:00:00Z; 196.875000; 207.070310; 211.289060; 210.585940; 218.671880; 221.835940; 228.867190; 233.789060; 245.390630; 254.882810; 255.234380; 259.804690;   3.457030;   3.105470;   3.984380;   3.984380;   3.984380;   3.867190;   3.925780;   3.808590;   3.867190;   3.925780;   4.101560;   4.160160;   4.335940;   0.057373;   0.097656;   0.093994;   0.093994;   0.093994;   0.107422;   0.148926;   0.118408;   0.196533;   0.128174;   0.178223
2016-12-17T04:10:00Z; 201.445310; 217.265630; 220.781250; 218.671880; 227.109380; 233.085940; 234.492190; 240.820310; 245.390630; 253.828130; 260.156250; 265.781250;   3.808590;   3.281250;   4.335940;   4.394530;   4.335940;   4.218750;   4.042970;   4.277340;   4.277340;   4.394530;   4.511720;   4.746090;   4.980470;   0.089111;   0.089111;   0.069580;   0.104980;   0.119629;   0.091553;   0.100098;   0.100098;   0.119629;   0.122070;   0.125732
2016-12-17T04:20:00Z; 202.148440; 210.937500; 213.398440; 216.210940; 220.781250; 223.945310; 229.921880; 235.546880; 242.929690; 249.960940; 256.640630; 259.101560;   3.984380;   3.398440;   4.335940;   4.511720;   4.453130;   4.394530;   4.218750;   4.218750;   4.218750;   4.394530;   4.511720;   4.746090;   4.687500;   0.078125;   0.097656;   0.091553;   0.120850;   0.109863;   0.095215;   0.115967;   0.152588;   0.156250;   0.247803;   0.153809
2016-12-17T04:30:00Z; 201.445310; 216.210940; 219.023440; 219.375000; 223.945310; 226.757810; 231.328130; 240.117190; 256.992190; 268.242190; 271.054690; 267.890630;   4.218750;   3.691410;   4.746090;   4.804690;   4.863280;   4.687500;   4.453130;   4.394530;   4.511720;   4.804690;   5.039060;   4.921880;   4.863280;   0.064697;   0.078125;   0.064697;   0.074463;   0.075684;   0.075684;   0.072021;   0.078125;   0.086670;   0.076904;   0.064697
2016-12-17T04:40:00Z; 201.093750; 213.750000; 217.968750; 216.562500; 223.593750; 227.812500; 232.382810; 242.226560; 252.773440; 264.726560; 266.835940; 267.890630;   4.335940;   3.867190;   4.511720;   4.687500;   4.687500;   4.628910;   4.394530;   4.394530;   4.511720;   4.687500;   4.863280;   4.921880;   5.039060;   0.072021;   0.062256;   0.065918;   0.073242;   0.070801;   0.081787;   0.081787;   0.074463;   0.084229;   0.092773;   0.089111
2016-12-17T04:50:00Z; 201.796880; 210.234380; 214.453130; 212.695310; 221.484380; 228.867190; 234.140630; 242.226560; 251.015630; 268.242190; 270.351560; 271.757810;   4.218750;   3.691410;   4.570310;   4.628910;   4.511720;   4.570310;   4.394530;   4.394530;   4.335940;   4.628910;   4.980470;   5.156250;   5.214840;   0.063477;   0.073242;   0.061035;   0.050049;   0.069580;   0.068359;   0.072021;   0.068359;   0.096436;   0.070801;   0.075684
2016-12-17T05:00:00Z; 198.984380; 208.476560; 209.882810; 208.125000; 214.804690; 224.296880; 229.570310; 232.382810; 242.578130; 253.476560; 257.695310; 262.265630;   4.335940;   3.867190;   4.804690;   4.804690;   4.804690;   4.804690;   4.687500;   4.453130;   4.453130;   4.628910;   4.628910;   4.687500;   4.980470;   0.064697;   0.062256;   0.072021;   0.068359;   0.081787;   0.086670;   0.087891;   0.081787;   0.104980;   0.093994;   0.075684
2016-12-17T05:10:00Z; 198.281250; 204.609380; 210.234380; 209.882810; 215.156250; 220.429690; 226.054690; 232.382810; 238.359380; 242.929690; 246.093750; 251.015630;   4.687500;   4.160160;   5.039060;   5.273440;   5.156250;   5.332030;   5.156250;   5.097660;   5.039060;   5.097660;   5.097660;   5.156250;   5.097660;   0.057373;   0.057373;   0.053711;   0.057373;   0.073242;   0.074463;   0.086670;   0.073242;   0.084229;   0.093994;   0.090332
2016-12-17T05:20:00Z; 198.632810; 207.421880; 211.992190; 210.585940; 213.398440; 222.890630; 226.406250; 233.085940; 238.710940; 246.796880; 243.281250; 249.960940;   4.980470;   4.394530;   5.390630;   5.507810;   5.507810;   5.683590;   5.625000;   5.449220;   5.566410;   5.566410;   5.390630;   5.449220;   5.625000;   0.065918;   0.063477;   0.057373;   0.048828;   0.074463;   0.074463;   0.106201;   0.141602;   0.142822;   0.152588;   0.098877
2016-12-17T05:30:00Z; 201.796880; 217.265630; 218.320310; 219.726560; 224.648440; 230.976560; 240.117190; 250.312500; 252.773440; 257.695310; 255.937500; 260.156250;   5.097660;   4.394530;   5.449220;   5.566410;   5.742190;   5.683590;   5.683590;   5.917970;   6.035160;   6.152340;   6.210940;   6.210940;   6.445310;   0.080566;   0.064697;   0.064697;   0.068359;   0.062256;   0.079346;   0.100098;   0.115967;   0.137939;   0.150146;   0.097656
2016-12-17T05:40:00Z; 213.398440; 247.851560; 250.664060; 251.718750; 256.289060; 262.617190; 265.078130; 268.242190; 268.242190; 269.296880; 268.593750; 267.890630;   4.453130;   3.164060;   4.863280;   5.097660;   5.097660;   5.390630;   5.917970;   6.152340;   6.093750;   6.152340;   6.152340;   6.328130;   5.859380;   0.131836;   0.107422;   0.112305;   0.130615;   0.111084;   0.100098;   0.153809;   0.108643;   0.158691;   0.183105;   0.181885
2016-12-17T05:50:00Z; 257.695310; 265.781250; 266.132810; 267.539060; 268.242190; 270.703130; 275.273440; 274.218750; 277.382810; 276.328130; 274.218750; 276.328130;   4.863280;   3.808590;   5.156250;   5.449220;   5.449220;   5.507810;   5.683590;   5.683590;   5.625000;   5.390630;   5.273440;   5.273440;   5.214840;   0.135498;   0.125732;   0.131836;   0.126953;   0.141602;   0.114746;   0.123291;   0.118408;   0.131836;   0.175781;   0.142822
2016-12-17T06:00:00Z; 258.398440; 260.507810; 261.562500; 261.914060; 265.781250; 270.703130; 272.812500; 277.382810; 276.328130; 281.601560; 279.492190; 282.656250;   4.746090;   3.750000;   4.687500;   4.980470;   4.804690;   5.097660;   5.214840;   5.273440;   5.097660;   5.039060;   4.863280;   4.804690;   4.746090;   0.125732;   0.115967;   0.118408;   0.123291;   0.123291;   0.181885;   0.120850;   0.187988;   0.157471;   0.206299;   0.140381
2016-12-17T06:10:00Z; 248.906250; 254.531250; 259.453130; 258.398440; 263.671880; 268.945310; 272.812500; 275.273440; 278.085940; 279.492190; 280.195310; 279.140630;   4.160160;   3.398440;   4.804690;   5.097660;   5.097660;   5.332030;   5.507810;   5.449220;   5.507810;   5.214840;   5.214840;   4.980470;   4.804690;   0.101318;   0.104980;   0.081787;   0.084229;   0.092773;   0.086670;   0.122070;   0.140381;   0.146484;   0.135498;   0.130615
2016-12-17T06:20:00Z; 249.960940; 265.429690; 271.406250; 271.054690; 275.625000; 279.843750; 281.601560; 285.468750; 285.468750; 287.226560; 285.117190; 288.632810;   4.628910;   3.808590;   5.039060;   5.390630;   5.273440;   5.566410;   5.859380;   5.917970;   5.917970;   5.917970;   5.683590;   5.683590;   5.390630;   0.096436;   0.096436;   0.093994;   0.102539;   0.084229;   0.080566;   0.098877;   0.113525;   0.079346;   0.146484;   0.141602
2016-12-17T06:30:00Z; 262.265630; 281.601560; 282.304690; 281.953130; 284.414060; 287.929690; 288.984380; 287.929690; 292.851560; 288.984380; 288.281250; 290.039060;   4.687500;   3.750000;   4.980470;   5.332030;   5.273440;   5.156250;   5.566410;   5.449220;   5.507810;   5.390630;   5.390630;   5.332030;   5.273440;   0.191650;   0.092773;   0.106201;   0.111084;   0.086670;   0.133057;   0.092773;   0.118408;   0.100098;   0.122070;   0.155029
2016-12-17T06:40:00Z; 273.867190; 288.281250; 291.796880; 291.093750; 293.554690; 295.312500; 294.960940; 293.554690; 297.070310; 294.609380; 292.500000; 289.687500;   4.511720;   3.632810;   4.511720;   4.746090;   4.863280;   5.039060;   4.980470;   5.214840;   5.273440;   5.214840;   5.097660;   5.214840;   4.921880;   0.144043;   0.131836;   0.103760;   0.097656;   0.155029;   0.118408;   0.113525;   0.142822;   0.134277;   0.172119;   0.151367
2016-12-17T06:50:00Z; 279.140630; 287.226560; 288.632810; 287.578130; 291.796880; 292.500000; 295.312500; 294.257810; 295.664060; 292.851560; 292.500000; 292.148440;   4.218750;   3.457030;   4.804690;   4.921880;   4.863280;   5.214840;   5.156250;   5.507810;   5.156250;   5.449220;   5.214840;   5.566410;   5.039060;   0.100098;   0.103760;   0.131836;   0.108643;   0.131836;   0.117188;   0.125732;   0.100098;   0.144043;   0.114746;   0.152588
2016-12-17T07:00:00Z; 273.867190; 283.359380; 284.414060; 284.414060; 286.523440; 286.875000; 287.226560; 288.984380; 288.984380; 289.335940; 287.226560; 283.359380;   4.160160;   3.398440;   4.746090;   4.921880;   5.039060;   5.390630;   5.449220;   5.625000;   5.507810;   5.449220;   5.507810;   4.804690;   4.335940;   0.085449;   0.150146;   0.102539;   0.086670;   0.102539;   0.073242;   0.098877;   0.114746;   0.102539;   0.186768;   0.291748
2016-12-17T07:10:00Z; 272.460940; 284.062500; 284.765630; 285.468750; 287.578130; 288.632810; 291.796880; 290.390630; 293.906250; 292.500000; 291.796880; 289.335940;   4.394530;   3.632810;   4.863280;   5.214840;   5.097660;   5.449220;   5.625000;   5.625000;   5.507810;   5.507810;   5.390630;   5.390630;   4.804690;   0.114746;   0.087891;   0.096436;   0.102539;   0.087891;   0.084229;   0.091553;   0.112305;   0.124512;   0.093994;   0.123291
2016-12-17T07:20:00Z; 276.679690; 285.468750; 285.820310; 284.414060; 285.820310; 288.281250; 288.281250; 290.742190; 292.148440; 289.687500; 290.390630; 293.203130;   4.921880;   3.925780;   5.332030;   5.449220;   5.507810;   5.742190;   5.859380;   6.152340;   5.742190;   5.800780;   5.625000;   5.859380;   5.449220;   0.081787;   0.078125;   0.117188;   0.108643;   0.111084;   0.123291;   0.137939;   0.137939;   0.151367;   0.104980;   0.136719
2016-12-17T07:30:00Z; 279.140630; 290.742190; 290.742190; 289.335940; 289.335940; 291.796880; 286.523440; 287.578130; 290.742190; 293.203130; 289.335940; 291.445310;   5.683590;   4.453130;   5.917970;   5.917970;   6.093750;   6.269530;   6.152340;   6.328130;   6.152340;   6.210940;   5.859380;   5.976560;   5.566410;   0.123291;   0.131836;   0.115967;   0.157471;   0.158691;   0.155029;   0.129395;   0.155029;   0.159912;   0.164795;   0.155029
2016-12-17T07:40:00Z; 281.601560; 279.843750; 283.007810; 283.359380; 284.414060; 281.953130; 283.710940; 281.953130; 286.171880; 287.578130; 287.226560; 287.226560;   6.093750;   4.863280;   6.328130;   6.445310;   6.328130;   6.093750;   5.859380;   6.035160;   6.152340;   5.742190;   5.800780;   5.742190;   5.625000;   0.144043;   0.123291;   0.125732;   0.194092;   0.177002;   0.155029;   0.163574;   0.167236;   0.169678;   0.172119;   0.147705
2016-12-17T07:50:00Z; 277.382810; 280.898440; 282.656250; 288.281250; 286.875000; 289.687500; 290.039060; 291.093750; 290.390630; 290.039060; 288.632810; 296.015630;   6.503910;   4.980470;   6.562500;   6.679690;   6.445310;   6.621090;   6.210940;   6.738280;   6.445310;   6.328130;   6.035160;   6.445310;   6.152340;   0.104980;   0.129395;   0.166016;   0.148926;   0.142822;   0.123291;   0.119629;   0.175781;   0.213623;   0.141602;   0.159912
2016-12-17T08:00:00Z; 285.468750; 290.390630; 291.445310; 292.500000; 293.554690; 295.312500; 291.093750; 296.367190; 295.312500; 299.531250; 299.531250; 304.453130;   6.503910;   4.394530;   6.503910;   6.503910;   6.503910;   6.269530;   6.269530;   6.152340;   6.269530;   6.210940;   6.152340;   6.445310;   6.035160;   0.214844;   0.170898;   0.185547;   0.200195;   0.230713;   0.214844;   0.163574;   0.168457;   0.172119;   0.192871;   0.194092
2016-12-17T08:10:00Z; 277.734380; 290.039060; 291.445310; 293.906250; 290.039060; 292.851560; 293.203130; 293.203130; 294.609380; 294.960940; 294.960940; 294.960940;   6.503910;   4.335940;   5.507810;   5.976560;   6.035160;   5.859380;   6.093750;   5.976560;   6.386720;   6.210940;   6.328130;   6.269530;   6.328130;   0.172119;   0.162354;   0.161133;   0.194092;   0.135498;   0.181885;   0.150146;   0.167236;   0.175781;   0.172119;   0.125732
2016-12-17T08:20:00Z; 287.578130; 296.015630; 296.015630; 294.257810; 296.718750; 296.718750; 296.367190; 300.937500; 297.421880; 300.234380; 296.718750; 297.773440;   6.093750;   4.453130;   6.152340;   6.035160;   6.093750;   6.328130;   6.386720;   6.796880;   6.503910;   6.386720;   6.445310;   6.796880;   6.621090;   0.157471;   0.166016;   0.140381;   0.195313;   0.192871;   0.172119;   0.148926;   0.190430;   0.170898;   0.229492;   0.147705
2016-12-17T08:30:00Z; 291.796880; 290.742190; 290.039060; 294.609380; 290.390630; 296.015630; 292.851560; 298.828130; 297.070310; 299.531250; 294.960940; 304.804690;   5.566410;   3.984380;   4.570310;   4.863280;   4.921880;   4.804690;   5.097660;   5.332030;   5.214840;   5.273440;   5.390630;   5.390630;   5.390630;   0.231934;   0.175781;   0.153809;   0.184326;   0.157471;   0.137939;   0.189209;   0.155029;   0.169678;   0.159912;   0.173340
2016-12-17T08:40:00Z; 285.820310; 294.960940; 292.148440; 294.609380; 298.125000; 293.554690; 298.125000; 299.531250; 302.343750; 306.914060; 309.375000; 303.750000;   6.855470;   4.746090;   6.328130;   6.738280;   6.914060;   6.855470;   6.914060;   7.031250;   7.148440;   7.207030;   7.382810;   6.914060;   7.031250;   0.218506;   0.222168;   0.139160;   0.217285;   0.181885;   0.181885;   0.183105;   0.150146;   0.189209;   0.207520;   0.136719
2016-12-17T08:50:00Z; 292.148440; 306.562500; 304.453130; 305.156250; 311.835940; 308.320310; 310.781250; 309.726560; 309.023440; 310.078130; 312.890630; 314.648440;   7.558590;   5.976560;   6.621090;   6.386720;   6.445310;   6.621090;   6.503910;   6.621090;   6.386720;   6.328130;   6.210940;   6.210940;   6.328130;   0.200195;   0.230713;   0.184326;   0.187988;   0.205078;   0.136719;   0.139160;   0.181885;   0.195313;   0.189209;   0.153809
2016-12-17T09:00:00Z; 300.937500; 306.914060; 305.859380; 306.914060; 310.078130; 309.023440; 310.078130; 311.132810; 311.132810; 312.187500; 311.835940; 310.429690;   6.679690;   4.394530;   4.980470;   5.214840;   5.214840;   5.507810;   5.800780;   5.859380;   5.917970;   5.507810;   5.859380;   5.859380;   6.093750;   0.209961;   0.197754;   0.177002;   0.184326;   0.206299;   0.133057;   0.159912;   0.217285;   0.139160;   0.158691;   0.159912
2016-12-17T09:10:00Z; 309.375000; 326.250000; 323.437500; 324.843750; 323.085940; 319.921880; 324.843750; 323.085940; 320.273440; 319.921880; 320.625000; 322.031250;   5.859380;   4.277340;   5.625000;   5.683590;   5.917970;   5.917970;   6.210940;   6.269530;   6.269530;   6.269530;   6.152340;   6.386720;   6.152340;   0.170898;   0.183105;   0.131836;   0.158691;   0.157471;   0.185547;   0.157471;   0.142822;   0.158691;   0.173340;   0.118408
2016-12-17T09:20:00Z; 326.601560; 321.328130; 318.867190; 319.921880; 317.460940; 316.406250; 314.648440; 314.296880; 313.593750; 315.351560; 311.484380; 317.460940;   6.914060;   5.449220;   6.386720;   6.152340;   6.445310;   6.562500;   6.503910;   6.503910;   6.093750;   6.328130;   6.445310;   6.503910;   6.152340;   0.156250;   0.174561;   0.192871;   0.174561;   0.147705;   0.187988;   0.180664;   0.185547;   0.144043;   0.151367;   0.209961
2016-12-17T09:30:00Z; 309.375000; 318.867190; 321.679690; 325.546880; 322.734380; 324.140630; 321.679690; 319.921880; 321.328130; 325.195310; 321.328130; 323.789060;   6.855470;   5.390630;   5.507810;   5.449220;   5.449220;   5.625000;   5.390630;   5.683590;   5.507810;   6.152340;   5.566410;   5.390630;   5.390630;   0.236816;   0.222168;   0.247803;   0.228271;   0.244141;   0.208740;   0.219727;   0.198975;   0.197754;   0.251465;   0.189209
2016-12-17T09:40:00Z; 332.226560; 335.390630; 336.445310; 339.609380; 331.523440; 331.523440; 333.632810; 330.468750; 335.742190; 332.929690; 335.039060; 329.414060;   6.269530;   4.453130;   4.570310;   4.628910;   4.746090;   4.628910;   4.980470;   5.156250;   5.273440;   5.214840;   5.273440;   4.804690;   5.156250;   0.227051;   0.223389;   0.246582;   0.197754;   0.239258;   0.207520;   0.252686;   0.234375;   0.195313;   0.242920;   0.231934
2016-12-17T09:50:00Z; 340.312500; 338.554690; 338.906250; 339.609380; 336.093750; 330.820310; 328.007810; 334.335940; 333.632810; 332.929690; 331.171880; 336.796880;   5.039060;   3.281250;   3.867190;   3.808590;   3.925780;   4.101560;   3.984380;   4.101560;   4.042970;   4.277340;   4.101560;   4.453130;   4.042970;   0.310059;   0.231934;   0.260010;   0.212402;   0.260010;   0.234375;   0.314941;   0.256348;   0.258789;   0.236816;   0.289307
2016-12-17T10:00:00Z; 326.953130; 319.921880; 320.625000; 321.328130; 321.679690; 319.570310; 324.843750; 324.492190; 324.492190; 329.062500; 319.570310; 324.140630;   5.332030;   3.457030;   3.574220;   3.867190;   3.867190;   3.925780;   4.042970;   3.808590;   3.984380;   3.574220;   3.867190;   3.750000;   3.984380;   0.286865;   0.202637;   0.205078;   0.274658;   0.264893;   0.296631;   0.224609;   0.257568;   0.284424;   0.378418;   0.312500
2016-12-17T10:10:00Z; 315.000000; 310.781250; 316.406250; 310.429690; 315.000000; 318.164060; 322.031250; 324.140630; 326.953130; 328.359380; 324.843750; 321.679690;   4.277340;   2.988280;   3.632810;   3.750000;   3.574220;   3.632810;   3.574220;   3.632810;   3.574220;   3.632810;   3.691410;   3.457030;   3.515630;   0.234375;   0.225830;   0.280762;   0.234375;   0.324707;   0.229492;   0.269775;   0.264893;   0.217285;   0.268555;   0.223389
2016-12-17T10:20:00Z; 307.617190; 315.703130; 318.164060; 316.406250; 322.031250; 328.007810; 322.031250; 326.601560; 332.929690; 326.250000; 327.304690; 329.414060;   4.277340;   3.281250;   3.515630;   3.339840;   3.515630;   3.574220;   3.515630;   3.867190;   3.632810;   3.574220;   3.515630;   3.632810;   3.574220;   0.294189;   0.223389;   0.241699;   0.249023;   0.270996;   0.231934;   0.228271;   0.250244;   0.236816;   0.273438;   0.198975
2016-12-17T10:30:00Z; 307.968750; 310.078130; 313.242190; 306.210940; 310.781250; 309.023440; 316.406250; 317.460940; 320.976560; 314.296880; 323.085940; 316.757810;   3.632810;   2.226560;   2.871090;   2.753910;   2.753910;   3.222660;   3.222660;   3.164060;   2.871090;   3.046880;   3.222660;   3.164060;   2.929690;   0.224609;   0.238037;   0.240479;   0.350342;   0.397949;   0.303955;   0.278320;   0.231934;   0.307617;   0.217285;   0.212402
2016-12-17T10:40:00Z; 310.781250; 322.031250; 321.328130; 319.921880; 326.250000; 319.218750; 327.304690; 320.273440; 329.414060; 328.007810; 334.687500; 328.710940;   3.515630;   2.519530;   3.105470;   3.281250;   3.222660;   3.105470;   3.164060;   3.339840;   3.281250;   3.105470;   3.457030;   2.929690;   2.988280;   0.208740;   0.272217;   0.264893;   0.190430;   0.249023;   0.290527;   0.262451;   0.255127;   0.395508;   0.253906;   0.272217
2016-12-17T10:50:00Z; 323.789060; 310.781250; 312.890630; 310.429690; 312.187500; 324.492190; 323.437500; 325.195310; 336.796880; 328.359380; 324.140630; 328.359380;   3.691410;   2.753910;   3.339840;   3.281250;   3.281250;   3.222660;   3.281250;   3.164060;   3.222660;   3.222660;   3.164060;   3.281250;   3.339840;   0.198975;   0.183105;   0.211182;   0.321045;   0.236816;   0.195313;   0.231934;   0.253906;   0.360107;   0.266113;   0.227051
2016-12-17T11:00:00Z; 313.945310; 316.406250; 325.195310; 317.460940; 323.789060; 328.359380; 332.226560; 329.765630; 335.742190; 339.960940; 329.062500; 333.984380;   3.691410;   2.578130;   3.164060;   3.164060;   3.339840;   3.281250;   3.398440;   3.281250;   3.164060;   3.222660;   2.988280;   3.105470;   3.164060;   0.300293;   0.272217;   0.307617;   0.269775;   0.346680;   0.211182;   0.227051;   0.270996;   0.305176;   0.227051;   0.294189
2016-12-17T11:10:00Z; 309.023440; 319.218750; 317.812500; 308.671880; 318.867190; 322.734380; 317.460940; 313.593750; 327.656250; 332.578130; 320.625000; 333.984380;   3.457030;   2.050780;   2.871090;   2.871090;   2.812500;   2.929690;   2.871090;   2.988280;   2.929690;   2.988280;   2.871090;   3.105470;   2.988280;   0.284424;   0.294189;   0.290527;   0.267334;   0.288086;   0.233154;   0.264893;   0.296631;   0.335693;   0.272217;   0.306396
2016-12-17T11:20:00Z; 322.734380; 321.679690; 322.031250; 315.351560; 317.109380; 314.296880; 310.429690; 311.132810; 319.570310; 322.382810; 328.359380; 324.140630;   4.160160;   2.343750;   2.753910;   3.046880;   2.988280;   2.929690;   3.105470;   2.988280;   3.046880;   2.929690;   2.988280;   2.636720;   2.871090;   0.261230;   0.236816;   0.206299;   0.242920;   0.211182;   0.207520;   0.258789;   0.216064;   0.258789;   0.233154;   0.244141
2016-12-17T11:30:00Z; 301.992190; 304.804690; 307.617190; 305.859380; 307.617190; 305.156250; 306.562500; 305.507810; 306.562500; 311.132810; 299.882810; 306.210940;   3.457030;   2.636720;   3.632810;   3.574220;   3.515630;   3.515630;   3.632810;   3.515630;   3.515630;   3.398440;   3.457030;   3.222660;   3.398440;   0.218506;   0.197754;   0.227051;   0.223389;   0.211182;   0.262451;   0.202637;   0.256348;   0.273438;   0.231934;   0.295410
2016-12-17T11:40:00Z; 319.218750; 330.820310; 326.953130; 329.062500; 329.765630; 322.382810; 320.273440; 320.273440; 325.898440; 315.351560; 318.164060; 315.703130;   4.394530;   3.398440;   3.867190;   3.808590;   3.632810;   3.632810;   3.632810;   3.574220;   3.457030;   3.222660;   3.281250;   3.046880;   3.164060;   0.163574;   0.169678;   0.213623;   0.187988;   0.229492;   0.334473;   0.212402;   0.229492;   0.270996;   0.316162;   0.256348
2016-12-17T11:50:00Z; 324.140630; 320.273440; 316.406250; 322.031250; 318.164060; 316.406250; 304.804690; 314.648440; 316.054690; 310.078130; 307.265630; 305.859380;   5.214840;   3.691410;   3.808590;   3.574220;   3.867190;   3.750000;   3.574220;   3.925780;   3.574220;   3.632810;   3.632810;   3.750000;   3.632810;   0.364990;   0.364990;   0.312500;   0.332031;   0.306396;   0.255127;   0.285645;   0.262451;   0.270996;   0.224609;   0.296631
2016-12-17T12:00:00Z; 329.414060; 327.304690; 324.843750; 326.601560; 320.976560; 314.296880; 310.078130; 313.945310; 312.187500; 310.429690; 311.835940; 307.617190;   3.867190;   2.812500;   3.164060;   3.515630;   3.281250;   3.281250;   3.398440;   3.281250;   3.398440;   2.988280;   3.164060;   3.164060;   3.105470;   0.247803;   0.195313;   0.220947;   0.169678;   0.183105;   0.455322;   0.181885;   0.324707;   0.255127;   0.264893;   0.183105
2016-12-17T12:10:00Z; 305.156250; 287.578130; 288.984380; 286.523440; 295.312500; 292.851560; 291.445310; 291.796880; 297.421880; 293.554690; 285.820310; 290.390630;   3.222660;   1.992190;   3.105470;   3.281250;   3.457030;   3.398440;   3.457030;   3.105470;   3.339840;   3.222660;   3.281250;   3.222660;   3.398440;   0.332031;   0.277100;   0.297852;   0.262451;   0.277100;   0.308838;   0.228271;   0.307617;   0.231934;   0.268555;   0.286865
2016-12-17T12:20:00Z; 280.546880; 282.656250; 282.656250; 272.812500; 288.632810; 278.789060; 272.812500; 279.492190; 283.359380; 279.843750; 268.945310; 276.328130;   4.160160;   2.285160;   2.929690;   2.695310;   3.164060;   3.164060;   3.046880;   3.105470;   3.105470;   2.929690;   3.105470;   3.164060;   3.222660;   0.322266;   0.321045;   0.308838;   0.310059;   0.319824;   0.307617;   0.291748;   0.360107;   0.286865;   0.344238;   0.249023
2016-12-17T12:30:00Z; 255.234380; 253.125000; 251.367190; 255.234380; 259.101560; 261.210940; 260.156250; 267.539060; 273.515630; 268.242190; 262.265630; 272.109380;   4.277340;   2.871090;   2.929690;   2.871090;   2.988280;   3.046880;   2.988280;   3.281250;   2.988280;   3.164060;   2.753910;   2.988280;   2.812500;   0.273438;   0.274658;   0.251465;   0.217285;   0.240479;   0.404053;   0.329590;   0.416260;   0.275879;   0.323486;   0.306396
2016-12-17T12:40:00Z; 254.531250; 268.593750; 268.593750; 274.218750; 271.406250; 268.945310; 268.593750; 271.054690; 266.484380; 280.898440; 263.671880; 269.648440;   4.101560;   2.343750;   3.281250;   3.281250;   3.105470;   3.281250;   3.339840;   3.515630;   3.164060;   3.339840;   3.222660;   3.339840;   3.222660;   0.260010;   0.352783;   0.292969;   0.281982;   0.289307;   0.332031;   0.262451;   0.297852;   0.322266;   0.317383;   0.283203
2016-12-17T12:50:00Z; 280.898440; 279.843750; 281.601560; 274.218750; 287.226560; 280.195310; 279.140630; 280.546880; 279.492190; 279.843750; 277.031250; 276.679690;   4.042970;   2.519530;   3.457030;   3.691410;   3.515630;   3.515630;   3.750000;   3.867190;   3.867190;   3.925780;   4.042970;   3.867190;   4.101560;   0.334473;   0.272217;   0.252686;   0.244141;   0.267334;   0.224609;   0.229492;   0.230713;   0.235596;   0.253906;   0.212402
2016-12-17T13:00:00Z; 278.437500; 278.437500; 282.304690; 276.679690; 284.062500; 282.304690; 281.250000; 279.843750; 286.523440; 281.601560; 276.328130; 278.789060;   3.339840;   2.636720;   2.812500;   3.164060;   3.222660;   3.398440;   3.398440;   3.750000;   3.750000;   3.867190;   3.398440;   3.691410;   3.925780;   0.216064;   0.229492;   0.245361;   0.244141;   0.200195;   0.244141;   0.217285;   0.197754;   0.211182;   0.230713;   0.227051
2016-12-17T13:10:00Z; 271.406250; 277.734380; 278.085940; 277.734380; 280.546880; 275.625000; 280.546880; 281.601560; 277.031250; 282.304690; 272.812500; 280.898440;   4.453130;   2.695310;   4.101560;   4.042970;   4.218750;   4.042970;   4.335940;   4.277340;   4.218750;   4.335940;   4.335940;   4.277340;   4.570310;   0.235596;   0.261230;   0.256348;   0.229492;   0.206299;   0.177002;   0.195313;   0.203857;   0.195313;   0.213623;   0.170898
2016-12-17T13:20:00Z; 272.460940; 273.164060; 274.570310; 272.460940; 274.218750; 274.921880; 273.867190; 275.625000; 273.867190; 278.437500; 271.757810; 276.679690;   5.390630;   4.335940;   5.097660;   5.156250;   5.214840;   5.097660;   5.332030;   5.039060;   5.214840;   4.980470;   5.156250;   4.863280;   5.039060;   0.156250;   0.124512;   0.157471;   0.119629;   0.128174;   0.125732;   0.161133;   0.168457;   0.153809;   0.155029;   0.192871
2016-12-17T13:30:00Z; 271.757810; 277.031250; 280.546880; 274.218750; 280.195310; 274.218750; 281.601560; 275.273440; 274.570310; 277.734380; 274.570310; 274.570310;   5.449220;   3.808590;   3.339840;   3.574220;   3.515630;   3.515630;   3.867190;   3.867190;   3.925780;   4.042970;   3.750000;   3.867190;   3.925780;   0.219727;   0.220947;   0.216064;   0.263672;   0.201416;   0.238037;   0.191650;   0.256348;   0.240479;   0.250244;   0.229492
2016-12-17T13:40:00Z; 276.328130; 286.523440; 286.523440; 287.929690; 286.875000; 286.875000; 283.710940; 285.117190; 285.820310; 285.820310; 284.062500; 284.414060;   6.328130;   3.339840;   5.273440;   5.214840;   5.097660;   5.390630;   5.156250;   5.332030;   5.332030;   5.214840;   5.214840;   5.156250;   5.214840;   0.251465;   0.250244;   0.286865;   0.225830;   0.245361;   0.222168;   0.194092;   0.217285;   0.231934;   0.200195;   0.187988
2016-12-17T13:50:00Z; 274.570310; 275.976560; 275.625000; 276.328130; 278.437500; 277.031250; 281.250000; 278.437500; 281.250000; 281.601560; 277.031250; 281.601560;   6.796880;   3.984380;   4.394530;   4.628910;   4.687500;   4.863280;   4.921880;   5.097660;   5.039060;   5.566410;   4.980470;   4.980470;   5.273440;   0.224609;   0.272217;   0.272217;   0.249023;   0.256348;   0.281982;   0.272217;   0.214844;   0.267334;   0.234375;   0.238037
2016-12-17T14:00:00Z; 268.593750; 279.492190; 279.843750; 281.250000; 281.953130; 280.195310; 279.843750; 282.656250; 280.195310; 282.656250; 275.976560; 280.546880;   6.621090;   4.511720;   5.566410;   5.742190;   5.917970;   5.976560;   5.976560;   6.269530;   6.035160;   6.093750;   6.093750;   6.093750;   6.035160;   0.192871;   0.183105;   0.169678;   0.136719;   0.185547;   0.124512;   0.147705;   0.150146;   0.145264;   0.166016;   0.180664
2016-12-17T14:10:00Z; 280.195310; 285.820310; 288.632810; 285.117190; 285.117190; 287.578130; 283.710940; 284.062500; 284.062500; 285.820310; 279.492190; 286.523440;   6.445310;   4.570310;   4.921880;   4.980470;   4.921880;   5.156250;   5.214840;   5.039060;   5.273440;   5.097660;   4.980470;   5.039060;   5.039060;   0.229492;   0.152588;   0.183105;   0.166016;   0.145264;   0.173340;   0.169678;   0.220947;   0.200195;   0.225830;   0.184326
2016-12-17T14:20:00Z; 284.414060; 286.523440; 288.281250; 285.117190; 287.226560; 283.710940; 285.468750; 287.578130; 287.226560; 288.281250; 284.765630; 287.226560;   5.507810;   3.984380;   4.980470;   5.039060;   5.156250;   4.980470;   5.156250;   5.449220;   5.390630;   5.449220;   5.449220;   5.390630;   5.332030;   0.198975;   0.192871;   0.163574;   0.187988;   0.196533;   0.169678;   0.179443;   0.177002;   0.235596;   0.224609;   0.169678
2016-12-17T14:30:00Z; 282.304690; 285.468750; 285.468750; 283.359380; 283.007810; 286.523440; 285.468750; 283.710940; 290.039060; 284.765630; 284.062500; 280.898440;   4.980470;   3.691410;   4.628910;   4.687500;   4.863280;   4.863280;   5.039060;   5.097660;   5.039060;   5.214840;   5.039060;   5.156250;   5.449220;   0.234375;   0.249023;   0.242920;   0.277100;   0.217285;   0.185547;   0.181885;   0.233154;   0.196533;   0.239258;   0.208740
2016-12-17T14:40:00Z; 286.875000; 291.796880; 292.148440; 292.500000; 293.203130; 290.039060; 290.039060; 283.710940; 286.875000; 287.226560; 285.468750; 285.820310;   5.976560;   4.570310;   5.742190;   6.093750;   6.093750;   6.269530;   6.328130;   6.035160;   6.328130;   6.269530;   6.386720;   6.210940;   6.445310;   0.163574;   0.146484;   0.174561;   0.139160;   0.137939;   0.184326;   0.157471;   0.148926;   0.173340;   0.207520;   0.169678
2016-12-17T14:50:00Z; 287.226560; 290.390630; 285.468750; 288.632810; 286.875000; 282.656250; 282.656250; 284.414060; 286.875000; 282.656250; 278.085940; 284.414060;   6.445310;   5.097660;   5.742190;   5.917970;   6.269530;   5.917970;   6.386720;   6.093750;   6.679690;   6.269530;   6.328130;   6.445310;   6.386720;   0.151367;   0.153809;   0.151367;   0.162354;   0.111084;   0.163574;   0.133057;   0.150146;   0.101318;   0.166016;   0.151367
2016-12-17T15:00:00Z; 281.250000; 282.656250; 282.656250; 278.789060; 278.789060; 275.976560; 278.789060; 276.679690; 279.843750; 277.031250; 279.140630; 277.382810;   6.562500;   4.980470;   5.332030;   5.097660;   5.097660;   5.039060;   5.214840;   5.156250;   5.507810;   5.332030;   5.507810;   5.507810;   5.273440;   0.238037;   0.202637;   0.225830;   0.224609;   0.164795;   0.230713;   0.190430;   0.236816;   0.192871;   0.196533;   0.174561
2016-12-17T15:10:00Z; 264.375000; 258.750000; 262.265630; 267.539060; 260.859380; 263.671880; 259.101560; 263.671880; 262.265630; 267.187500; 255.585940; 264.023440;   4.980470;   3.691410;   4.042970;   4.160160;   3.984380;   4.335940;   4.218750;   4.453130;   4.511720;   4.511720;   4.394530;   4.453130;   4.746090;   0.218506;   0.187988;   0.183105;   0.201416;   0.205078;   0.159912;   0.222168;   0.194092;   0.187988;   0.240479;   0.202637
2016-12-17T15:20:00Z; 249.960940; 251.015630; 253.125000; 249.960940; 252.421880; 256.640630; 256.640630; 258.750000; 258.398440; 263.671880; 259.453130; 261.562500;   4.687500;   3.339840;   4.394530;   4.453130;   4.570310;   4.804690;   4.687500;   4.980470;   4.921880;   5.273440;   4.980470;   5.449220;   5.097660;   0.280762;   0.220947;   0.233154;   0.211182;   0.194092;   0.205078;   0.185547;   0.155029;   0.185547;   0.181885;   0.161133
2016-12-17T15:30:00Z; 248.554690; 257.695310; 260.156250; 258.750000; 261.914060; 266.484380; 266.835940; 263.320310; 262.265630; 266.132810; 267.539060; 267.890630;   5.566410;   3.457030;   5.332030;   5.449220;   5.097660;   5.390630;   5.390630;   5.156250;   5.156250;   5.390630;   5.507810;   5.625000;   5.156250;   0.175781;   0.124512;   0.175781;   0.158691;   0.136719;   0.175781;   0.191650;   0.166016;   0.133057;   0.175781;   0.166016
2016-12-17T15:40:00Z; 261.562500; 260.156250; 262.617190; 260.859380; 265.781250; 266.132810; 261.562500; 265.078130; 268.593750; 271.054690; 265.781250; 270.000000;   5.449220;   3.808590;   5.039060;   4.980470;   4.863280;   4.921880;   5.039060;   5.214840;   5.273440;   5.449220;   5.156250;   5.273440;   5.390630;   0.173340;   0.190430;   0.161133;   0.194092;   0.163574;   0.164795;   0.146484;   0.169678;   0.153809;   0.189209;   0.148926
2016-12-17T15:50:00Z; 254.882810; 248.906250; 251.718750; 247.851560; 252.421880; 251.718750; 257.695310; 259.804690; 258.398440; 258.398440; 266.132810; 262.265630;   4.804690;   3.398440;   4.570310;   4.804690;   4.687500;   4.628910;   4.863280;   4.921880;   4.804690;   4.746090;   5.039060;   4.746090;   4.921880;   0.172119;   0.175781;   0.179443;   0.219727;   0.148926;   0.172119;   0.198975;   0.158691;   0.140381;   0.209961;   0.180664
2016-12-17T16:00:00Z; 242.929690; 239.765630; 247.500000; 241.875000; 243.632810; 244.687500; 238.710940; 250.664060; 251.367190; 249.609380; 253.125000; 251.367190;   4.628910;   2.929690;   3.867190;   3.808590;   4.101560;   4.335940;   4.277340;   4.687500;   4.863280;   4.453130;   4.511720;   4.804690;   4.746090;   0.177002;   0.203857;   0.192871;   0.198975;   0.178223;   0.197754;   0.144043;   0.203857;   0.209961;   0.190430;   0.179443
2016-12-17T16:10:00Z; 248.203130; 249.609380; 254.882810; 248.554690; 252.070310; 251.015630; 249.257810; 250.664060; 251.015630; 251.718750; 248.906250; 248.906250;   4.746090;   3.339840;   4.687500;   4.804690;   4.804690;   4.980470;   5.156250;   4.921880;   5.039060;   5.097660;   5.097660;   5.156250;   5.390630;   0.216064;   0.174561;   0.190430;   0.203857;   0.179443;   0.203857;   0.145264;   0.147705;   0.147705;   0.185547;   0.281982
2016-12-17T16:20:00Z; 248.554690; 242.578130; 244.335940; 240.820310; 245.742190; 245.390630; 244.335940; 251.015630; 246.445310; 247.851560; 247.500000; 247.500000;   4.511720;   3.515630;   4.980470;   4.804690;   4.921880;   4.980470;   4.687500;   4.863280;   4.746090;   4.980470;   4.804690;   4.804690;   4.804690;   0.161133;   0.155029;   0.142822;   0.191650;   0.153809;   0.175781;   0.151367;   0.230713;   0.180664;   0.185547;   0.163574
2016-12-17T16:30:00Z; 245.742190; 241.875000; 242.578130; 241.523440; 247.500000; 248.906250; 247.148440; 248.554690; 248.906250; 249.609380; 248.906250; 249.960940;   4.687500;   3.339840;   3.808590;   4.218750;   4.101560;   4.277340;   4.394530;   4.570310;   4.804690;   4.804690;   4.921880;   5.390630;   4.863280;   0.229492;   0.200195;   0.172119;   0.212402;   0.158691;   0.196533;   0.157471;   0.179443;   0.134277;   0.272217;   0.174561
2016-12-17T16:40:00Z; 235.195310; 239.414060; 240.820310; 238.710940; 242.578130; 243.632810; 246.093750; 246.093750; 247.851560; 246.796880; 248.906250; 247.500000;   3.925780;   2.578130;   4.687500;   4.628910;   4.687500;   4.804690;   4.980470;   4.980470;   5.039060;   4.921880;   5.156250;   5.625000;   5.097660;   0.191650;   0.169678;   0.173340;   0.195313;   0.172119;   0.198975;   0.196533;   0.206299;   0.163574;   0.227051;   0.156250
2016-12-17T16:50:00Z; 249.960940; 254.179690; 256.640630; 256.289060; 259.453130; 262.617190; 261.914060; 266.484380; 268.593750; 269.296880; 268.945310; 266.835940;   5.214840;   3.574220;   5.390630;   5.449220;   5.507810;   5.625000;   5.566410;   5.683590;   5.917970;   6.035160;   5.859380;   5.742190;   5.917970;   0.147705;   0.151367;   0.157471;   0.140381;   0.133057;   0.170898;   0.130615;   0.155029;   0.167236;   0.223389;   0.152588
2016-12-17T17:00:00Z; 259.804690; 262.617190; 261.914060; 265.078130; 265.429690; 267.539060; 270.351560; 271.054690; 272.460940; 271.757810; 273.164060; 272.460940;   5.566410;   4.453130;   4.980470;   5.214840;   5.332030;   5.390630;   5.507810;   5.566410;   5.625000;   5.742190;   5.800780;   5.976560;   5.800780;   0.158691;   0.167236;   0.129395;   0.139160;   0.168457;   0.162354;   0.162354;   0.156250;   0.150146;   0.140381;   0.108643
2016-12-17T17:10:00Z; 266.132810; 268.945310; 270.703130; 266.132810; 268.593750; 274.218750; 272.460940; 272.460940; 275.273440; 276.328130; 275.273440; 270.351560;   5.742190;   4.511720;   5.273440;   5.214840;   5.273440;   5.390630;   5.566410;   5.625000;   5.859380;   5.683590;   5.625000;   5.625000;   5.566410;   0.126953;   0.100098;   0.133057;   0.093994;   0.122070;   0.144043;   0.122070;   0.123291;   0.130615;   0.137939;   0.113525
2016-12-17T17:20:00Z; 266.132810; 269.648440; 272.460940; 273.867190; 271.757810; 271.757810; 269.648440; 273.515630; 274.570310; 274.570310; 272.812500; 274.218750;   5.800780;   4.746090;   5.449220;   5.449220;   5.566410;   5.507810;   5.683590;   5.800780;   5.800780;   5.683590;   5.507810;   5.859380;   5.800780;   0.152588;   0.122070;   0.087891;   0.119629;   0.100098;   0.139160;   0.118408;   0.120850;   0.125732;   0.183105;   0.108643
2016-12-17T17:30:00Z; 269.296880; 271.406250; 274.218750; 275.273440; 278.085940; 277.031250; 276.328130; 279.140630; 276.679690; 279.492190; 273.867190; 279.843750;   5.859380;   4.687500;   5.332030;   5.625000;   5.273440;   5.390630;   5.683590;   5.683590;   5.683590;   5.507810;   5.742190;   5.566410;   5.625000;   0.156250;   0.101318;   0.129395;   0.184326;   0.137939;   0.156250;   0.128174;   0.157471;   0.201416;   0.148926;   0.151367
2016-12-17T17:40:00Z; 266.132810; 264.023440; 263.671880; 264.023440; 266.484380; 266.484380; 269.648440; 274.570310; 272.460940; 276.679690; 274.570310; 274.921880;   5.742190;   4.511720;   5.097660;   5.097660;   5.097660;   5.273440;   5.507810;   5.625000;   5.332030;   5.507810;   5.683590;   5.273440;   5.566410;   0.145264;   0.104980;   0.124512;   0.125732;   0.136719;   0.159912;   0.137939;   0.151367;   0.146484;   0.212402;   0.159912
2016-12-17T17:50:00Z; 259.453130; 256.289060; 258.750000; 258.750000; 259.804690; 260.859380; 264.726560; 265.781250; 271.054690; 276.679690; 273.164060; 274.218750;   5.039060;   4.160160;   4.921880;   4.921880;   5.097660;   4.980470;   5.097660;   5.332030;   5.332030;   5.449220;   5.625000;   5.449220;   5.683590;   0.118408;   0.098877;   0.122070;   0.123291;   0.125732;   0.124512;   0.148926;   0.185547;   0.181885;   0.184326;   0.202637
2016-12-17T18:00:00Z; 250.664060; 249.257810; 248.203130; 250.312500; 252.773440; 259.453130; 260.859380; 265.429690; 270.351560; 275.625000; 275.273440; 279.492190;   4.628910;   3.515630;   4.746090;   4.804690;   4.863280;   4.863280;   4.863280;   5.156250;   5.332030;   5.566410;   5.917970;   5.742190;   6.328130;   0.081787;   0.096436;   0.098877;   0.089111;   0.104980;   0.146484;   0.136719;   0.142822;   0.158691;   0.178223;   0.162354
2016-12-17T18:10:00Z; 246.445310; 248.554690; 249.960940; 249.257810; 255.234380; 257.343750; 263.320310; 266.835940; 269.648440; 272.812500; 272.460940; 275.625000;   3.984380;   3.105470;   4.980470;   5.273440;   5.214840;   5.390630;   5.742190;   5.683590;   5.683590;   5.859380;   5.917970;   6.210940;   6.152340;   0.111084;   0.108643;   0.098877;   0.140381;   0.122070;   0.130615;   0.150146;   0.174561;   0.180664;   0.144043;   0.144043
2016-12-17T18:20:00Z; 248.906250; 248.906250; 251.015630; 251.718750; 252.773440; 255.234380; 257.695310; 262.265630; 264.375000; 268.945310; 266.835940; 277.031250;   4.921880;   3.574220;   5.273440;   5.390630;   5.273440;   5.683590;   5.683590;   5.742190;   5.742190;   5.917970;   5.800780;   6.210940;   6.210940;   0.090332;   0.078125;   0.075684;   0.074463;   0.131836;   0.120850;   0.133057;   0.137939;   0.156250;   0.162354;   0.118408
2016-12-17T18:30:00Z; 252.070310; 256.289060; 255.937500; 256.289060; 257.343750; 261.210940; 264.023440; 270.351560; 272.812500; 275.273440; 270.703130; 278.437500;   5.039060;   3.867190;   5.332030;   5.625000;   5.625000;   5.800780;   6.152340;   6.093750;   6.210940;   6.152340;   6.386720;   6.621090;   6.386720;   0.107422;   0.089111;   0.090332;   0.098877;   0.078125;   0.117188;   0.113525;   0.148926;   0.153809;   0.126953;   0.103760
2016-12-17T18:40:00Z; 254.882810; 256.289060; 257.695310; 258.046880; 261.914060; 264.023440; 264.375000; 267.890630; 272.109380; 272.460940; 270.703130; 280.546880;   5.273440;   4.218750;   5.097660;   5.156250;   5.156250;   5.625000;   5.449220;   5.800780;   5.800780;   6.152340;   6.093750;   6.562500;   6.328130;   0.119629;   0.117188;   0.119629;   0.158691;   0.128174;   0.142822;   0.145264;   0.144043;   0.130615;   0.111084;   0.150146
2016-12-17T18:50:00Z; 254.882810; 266.484380; 267.539060; 265.429690; 268.593750; 272.812500; 271.054690; 274.921880; 271.406250; 275.976560; 273.515630; 279.140630;   5.039060;   3.574220;   5.214840;   5.332030;   5.273440;   5.566410;   5.625000;   5.742190;   5.683590;   5.859380;   5.742190;   5.917970;   5.800780;   0.231934;   0.225830;   0.253906;   0.168457;   0.184326;   0.159912;   0.157471;   0.133057;   0.156250;   0.159912;   0.157471
2016-12-17T19:00:00Z; 266.835940; 267.187500; 269.296880; 270.351560; 271.054690; 273.164060; 273.515630; 273.515630; 273.515630; 279.843750; 278.437500; 283.710940;   5.917970;   4.804690;   5.449220;   5.449220;   5.566410;   5.390630;   5.507810;   5.390630;   5.214840;   5.332030;   5.332030;   5.390630;   5.449220;   0.118408;   0.130615;   0.151367;   0.141602;   0.131836;   0.148926;   0.142822;   0.134277;   0.140381;   0.151367;   0.155029
2016-12-17T19:10:00Z; 262.968750; 270.351560; 271.406250; 269.648440; 273.867190; 275.273440; 274.921880; 277.031250; 278.789060; 280.898440; 274.921880; 281.601560;   4.980470;   3.925780;   4.980470;   5.039060;   4.980470;   5.039060;   5.390630;   5.039060;   5.332030;   5.273440;   5.097660;   5.214840;   5.390630;   0.101318;   0.133057;   0.139160;   0.142822;   0.196533;   0.192871;   0.107422;   0.196533;   0.164795;   0.183105;   0.156250
2016-12-17T19:20:00Z; 264.023440; 266.835940; 270.703130; 271.757810; 273.515630; 271.757810; 272.460940; 278.437500; 275.273440; 279.492190; 273.164060; 277.031250;   5.214840;   3.808590;   5.097660;   5.273440;   5.332030;   5.332030;   5.214840;   5.390630;   5.273440;   5.214840;   5.156250;   5.214840;   5.156250;   0.179443;   0.191650;   0.144043;   0.155029;   0.148926;   0.109863;   0.175781;   0.152588;   0.161133;   0.169678;   0.130615
2016-12-17T19:30:00Z; 272.460940; 286.171880; 281.953130; 286.875000; 287.226560; 286.875000; 287.226560; 288.281250; 288.632810; 290.039060; 283.007810; 288.632810;   5.625000;   4.746090;   5.917970;   6.269530;   6.210940;   6.328130;   6.210940;   6.152340;   5.976560;   5.683590;   5.742190;   5.742190;   5.507810;   0.108643;   0.124512;   0.124512;   0.104980;   0.150146;   0.170898;   0.152588;   0.166016;   0.144043;   0.104980;   0.151367
2016-12-17T19:40:00Z; 284.414060; 294.609380; 289.687500; 292.500000; 294.609380; 292.500000; 291.445310; 289.335940; 290.039060; 287.929690; 290.039060; 285.468750;   6.328130;   5.273440;   5.742190;   6.152340;   5.976560;   6.093750;   6.035160;   6.093750;   5.917970;   5.625000;   5.976560;   5.742190;   6.093750;   0.163574;   0.164795;   0.168457;   0.136719;   0.130615;   0.152588;   0.146484;   0.217285;   0.134277;   0.148926;   0.136719
2016-12-17T19:50:00Z; 286.523440; 289.687500; 293.906250; 290.039060; 292.851560; 295.664060; 295.664060; 297.070310; 296.367190; 294.960940; 299.882810; 295.664060;   5.976560;   4.570310;   5.273440;   5.156250;   5.390630;   5.390630;   5.390630;   5.332030;   5.566410;   5.332030;   5.683590;   5.507810;   5.742190;   0.129395;   0.153809;   0.106201;   0.085449;   0.153809;   0.131836;   0.125732;   0.152588;   0.153809;   0.212402;   0.174561
2016-12-17T20:00:00Z; 283.710940; 280.898440; 281.953130; 285.117190; 286.875000; 281.250000; 285.468750; 285.468750; 285.820310; 289.335940; 290.742190; 288.632810;   5.156250;   3.867190;   4.628910;   4.570310;   4.570310;   5.039060;   5.097660;   5.097660;   4.863280;   5.214840;   5.214840;   5.097660;   5.332030;   0.130615;   0.194092;   0.141602;   0.179443;   0.113525;   0.198975;   0.141602;   0.181885;   0.200195;   0.172119;   0.192871
2016-12-17T20:10:00Z; 276.328130; 275.625000; 278.789060; 278.437500; 281.953130; 283.359380; 281.250000; 286.171880; 284.414060; 288.281250; 286.171880; 286.171880;   4.804690;   3.808590;   4.511720;   4.628910;   4.511720;   4.687500;   5.097660;   4.804690;   4.980470;   5.273440;   5.156250;   5.214840;   5.156250;   0.150146;   0.157471;   0.136719;   0.180664;   0.152588;   0.209961;   0.168457;   0.185547;   0.170898;   0.230713;   0.152588
2016-12-17T20:20:00Z; 276.679690; 282.304690; 284.414060; 281.250000; 281.250000; 284.414060; 284.765630; 286.523440; 288.984380; 284.765630; 286.171880; 290.390630;   4.335940;   3.281250;   4.394530;   4.511720;   4.394530;   4.687500;   4.921880;   4.863280;   4.980470;   4.804690;   4.804690;   4.921880;   4.804690;   0.148926;   0.152588;   0.157471;   0.125732;   0.146484;   0.118408;   0.152588;   0.164795;   0.179443;   0.191650;   0.158691
2016-12-17T20:30:00Z; 282.304690; 280.195310; 279.843750; 284.062500; 287.226560; 282.656250; 282.656250; 284.765630; 292.500000; 291.796880; 290.390630; 289.335940;   4.394530;   3.164060;   4.218750;   4.511720;   4.511720;   4.570310;   4.453130;   4.453130;   4.394530;   4.687500;   4.511720;   4.628910;   4.804690;   0.122070;   0.140381;   0.156250;   0.201416;   0.139160;   0.196533;   0.202637;   0.198975;   0.197754;   0.186768;   0.222168
2016-12-17T20:40:00Z; 274.921880; 277.734380; 283.710940; 282.304690; 280.898440; 287.929690; 285.468750; 288.984380; 286.523440; 290.742190; 289.687500; 291.445310;   4.101560;   3.222660;   4.101560;   4.218750;   4.160160;   4.511720;   4.570310;   4.628910;   4.746090;   4.511720;   4.628910;   4.863280;   4.863280;   0.166016;   0.134277;   0.140381;   0.120850;   0.192871;   0.156250;   0.180664;   0.229492;   0.158691;   0.211182;   0.172119
2016-12-17T20:50:00Z; 288.984380; 309.375000; 310.781250; 305.507810; 313.593750; 308.320310; 312.187500; 303.750000; 310.429690; 304.804690; 309.023440; 304.804690;   4.511720;   3.457030;   4.335940;   4.453130;   4.218750;   4.570310;   4.863280;   4.394530;   4.570310;   4.570310;   4.863280;   4.453130;   4.570310;   0.169678;   0.129395;   0.202637;   0.161133;   0.195313;   0.186768;   0.191650;   0.191650;   0.178223;   0.179443;   0.178223
2016-12-17T21:00:00Z; 308.671880; 312.890630; 312.187500; 311.484380; 311.132810; 306.914060; 304.101560; 303.750000; 305.156250; 305.859380; 305.156250; 299.179690;   4.746090;   3.808590;   4.746090;   4.863280;   4.863280;   4.804690;   4.746090;   4.570310;   4.863280;   4.980470;   4.921880;   4.687500;   4.804690;   0.140381;   0.152588;   0.145264;   0.126953;   0.166016;   0.205078;   0.159912;   0.140381;   0.135498;   0.211182;   0.146484
2016-12-17T21:10:00Z; 307.617190; 312.890630; 310.781250; 313.593750; 313.242190; 307.265630; 307.968750; 306.914060; 310.078130; 304.804690; 305.859380; 296.015630;   5.449220;   4.101560;   4.980470;   5.332030;   5.390630;   5.273440;   5.566410;   5.273440;   5.332030;   4.863280;   5.039060;   4.921880;   5.039060;   0.145264;   0.146484;   0.126953;   0.133057;   0.162354;   0.151367;   0.162354;   0.187988;   0.179443;   0.197754;   0.184326
2016-12-17T21:20:00Z; 312.539060; 312.890630; 311.484380; 310.429690; 311.484380; 305.156250; 311.132810; 303.046880; 305.859380; 303.750000; 302.695310; 303.046880;   5.390630;   4.335940;   4.863280;   4.804690;   4.746090;   4.746090;   4.980470;   4.628910;   4.980470;   4.863280;   4.746090;   4.746090;   4.804690;   0.152588;   0.139160;   0.144043;   0.167236;   0.155029;   0.157471;   0.148926;   0.187988;   0.133057;   0.200195;   0.175781
2016-12-17T21:30:00Z; 305.859380; 304.804690; 301.289060; 303.046880; 303.398440; 297.070310; 298.828130; 299.531250; 299.531250; 296.015630; 296.367190; 296.367190;   4.980470;   4.042970;   5.097660;   5.039060;   5.214840;   5.214840;   5.156250;   5.214840;   5.097660;   5.097660;   5.039060;   5.332030;   4.980470;   0.150146;   0.163574;   0.162354;   0.126953;   0.174561;   0.178223;   0.134277;   0.181885;   0.187988;   0.161133;   0.151367
2016-12-17T21:40:00Z; 300.937500; 303.750000; 302.343750; 302.695310; 304.101560; 301.640630; 300.585940; 301.289060; 299.882810; 299.882810; 299.179690; 297.421880;   5.507810;   4.335940;   5.214840;   4.980470;   4.980470;   5.097660;   4.921880;   4.921880;   4.804690;   4.804690;   4.687500;   4.628910;   4.746090;   0.135498;   0.150146;   0.136719;   0.117188;   0.119629;   0.179443;   0.106201;   0.128174;   0.144043;   0.137939;   0.134277
2016-12-17T21:50:00Z; 301.289060; 300.937500; 296.367190; 297.070310; 295.664060; 296.015630; 296.718750; 296.015630; 294.960940; 292.500000; 294.609380; 294.257810;   5.332030;   4.335940;   4.628910;   4.628910;   4.687500;   4.863280;   4.804690;   4.804690;   4.570310;   4.746090;   4.628910;   4.804690;   4.687500;   0.125732;   0.091553;   0.131836;   0.097656;   0.134277;   0.133057;   0.108643;   0.147705;   0.166016;   0.098877;   0.120850
2016-12-17T22:00:00Z; 290.742190; 290.742190; 293.203130; 293.906250; 294.257810; 292.148440; 291.093750; 287.578130; 289.335940; 288.281250; 284.414060; 285.117190;   5.214840;   4.101560;   4.804690;   5.097660;   4.921880;   4.863280;   4.921880;   4.687500;   4.746090;   4.628910;   4.570310;   4.863280;   4.453130;   0.183105;   0.168457;   0.146484;   0.164795;   0.156250;   0.189209;   0.189209;   0.153809;   0.156250;   0.194092;   0.141602
2016-12-17T22:10:00Z; 288.984380; 292.500000; 292.500000; 292.500000; 292.500000; 289.687500; 290.039060; 288.632810; 285.820310; 284.414060; 281.250000; 278.437500;   4.980470;   3.984380;   4.335940;   4.394530;   4.335940;   4.453130;   4.628910;   4.394530;   4.394530;   4.453130;   4.160160;   4.160160;   4.277340;   0.146484;   0.151367;   0.141602;   0.114746;   0.129395;   0.163574;   0.124512;   0.137939;   0.136719;   0.153809;   0.152588
2016-12-17T22:20:00Z; 285.820310; 284.765630; 288.632810; 288.984380; 284.414060; 286.875000; 285.117190; 283.007810; 281.953130; 277.382810; 274.921880; 276.679690;   4.746090;   3.515630;   4.160160;   4.101560;   4.042970;   4.218750;   4.218750;   4.101560;   4.042970;   4.160160;   4.160160;   4.335940;   4.277340;   0.109863;   0.148926;   0.124512;   0.146484;   0.109863;   0.081787;   0.126953;   0.125732;   0.131836;   0.108643;   0.126953
2016-12-17T22:30:00Z; 282.304690; 287.578130; 286.875000; 288.281250; 286.171880; 283.359380; 282.304690; 282.656250; 282.304690; 278.437500; 278.789060; 276.679690;   4.511720;   3.691410;   4.335940;   4.511720;   4.453130;   4.453130;   4.394530;   4.511720;   4.511720;   4.453130;   4.453130;   4.628910;   4.746090;   0.136719;   0.144043;   0.108643;   0.130615;   0.125732;   0.153809;   0.152588;   0.096436;   0.106201;   0.106201;   0.106201
2016-12-17T22:40:00Z; 281.601560; 283.359380; 281.601560; 278.789060; 281.953130; 281.250000; 280.195310; 278.085940; 278.085940; 275.625000; 272.812500; 269.296880;   4.687500;   3.867190;   4.570310;   4.394530;   4.335940;   4.394530;   4.335940;   4.511720;   4.394530;   4.511720;   4.628910;   4.687500;   4.687500;   0.144043;   0.117188;   0.134277;   0.126953;   0.139160;   0.107422;   0.112305;   0.102539;   0.111084;   0.101318;   0.114746
2016-12-17T22:50:00Z; 270.351560; 270.000000; 270.351560; 269.296880; 270.351560; 268.593750; 269.296880; 270.000000; 267.890630; 268.242190; 264.375000; 261.210940;   4.570310;   3.750000;   4.335940;   4.335940;   4.277340;   4.335940;   4.453130;   4.570310;   4.687500;   4.687500;   4.628910;   4.628910;   4.863280;   0.103760;   0.080566;   0.130615;   0.109863;   0.113525;   0.107422;   0.092773;   0.122070;   0.097656;   0.104980;   0.084229
2016-12-17T23:00:00Z; 257.343750; 262.265630; 260.507810; 262.968750; 263.671880; 261.562500; 259.804690; 259.453130; 262.968750; 260.507810; 258.750000; 258.398440;   4.863280;   3.925780;   4.335940;   4.394530;   4.453130;   4.394530;   4.394530;   4.453130;   4.687500;   4.921880;   4.921880;   5.097660;   5.156250;   0.137939;   0.146484;   0.284424;   0.120850;   0.202637;   0.130615;   0.118408;   0.098877;   0.084229;   0.102539;   0.117188
2016-12-17T23:10:00Z; 260.507810; 272.812500; 268.593750; 267.890630; 269.648440; 265.429690; 265.429690; 265.429690; 262.265630; 261.210940; 258.046880; 259.101560;   5.214840;   4.160160;   5.039060;   4.804690;   4.746090;   4.863280;   4.921880;   4.863280;   4.804690;   4.863280;   4.921880;   5.156250;   5.273440;   0.239258;   0.124512;   0.164795;   0.145264;   0.136719;   0.111084;   0.130615;   0.124512;   0.183105;   0.140381;   0.172119
2016-12-17T23:20:00Z; 264.023440; 267.539060; 268.945310; 266.484380; 263.671880; 266.835940; 264.375000; 266.132810; 266.132810; 266.132810; 263.320310; 264.726560;   5.156250;   4.042970;   4.511720;   4.453130;   4.453130;   4.453130;   4.628910;   4.628910;   4.863280;   4.746090;   4.863280;   4.863280;   5.214840;   0.146484;   0.136719;   0.109863;   0.137939;   0.095215;   0.098877;   0.120850;   0.135498;   0.115967;   0.137939;   0.109863
2016-12-17T23:30:00Z; 254.179690; 262.968750; 263.320310; 261.210940; 264.023440; 262.265630; 262.968750; 265.078130; 263.320310; 262.265630; 261.914060; 260.859380;   5.039060;   3.867190;   4.746090;   4.687500;   4.511720;   4.687500;   4.746090;   4.980470;   4.980470;   5.039060;   5.039060;   5.097660;   5.214840;   0.140381;   0.117188;   0.137939;   0.135498;   0.119629;   0.096436;   0.120850;   0.118408;   0.097656;   0.097656;   0.115967
2016-12-17T23:40:00Z; 259.101560; 260.507810; 260.156250; 259.804690; 259.804690; 260.859380; 260.507810; 259.804690; 261.914060; 261.914060; 262.968750; 263.671880;   5.332030;   4.453130;   5.273440;   5.390630;   5.390630;   5.566410;   5.449220;   5.390630;   5.566410;   5.742190;   5.683590;   5.742190;   5.507810;   0.092773;   0.093994;   0.111084;   0.092773;   0.102539;   0.111084;   0.078125;   0.080566;   0.089111;   0.064697;   0.062256
2016-12-17T23:50:00Z; 252.421880; 259.453130; 260.507810; 259.101560; 260.859380; 260.156250; 258.046880; 258.750000; 260.156250; 259.101560; 256.289060; 260.156250;   5.566410;   4.746090;   5.566410;   5.625000;   5.742190;   5.683590;   5.859380;   5.917970;   5.976560;   5.800780;   5.625000;   5.917970;   5.859380;   0.109863;   0.104980;   0.103760;   0.092773;   0.139160;   0.098877;   0.090332;   0.141602;   0.101318;   0.107422;   0.102539
